{
 "cells": [
  {
   "cell_type": "code",
   "execution_count": 2,
   "metadata": {},
   "outputs": [],
   "source": [
    "using DataStructures\n",
    "using FileIO\n",
    "using Meshes\n",
    "using MeshIO\n",
    "using Makie\n",
    "using GLMakie\n",
    "using GeometryBasics\n",
    "using ProgressBars"
   ]
  },
  {
   "cell_type": "code",
   "execution_count": 3,
   "metadata": {},
   "outputs": [
    {
     "data": {
      "text/plain": [
       "visualize (generic function with 2 methods)"
      ]
     },
     "metadata": {},
     "output_type": "display_data"
    }
   ],
   "source": [
    "include(\"contractions.jl\")\n",
    "include(\"visualisation.jl\")"
   ]
  },
  {
   "cell_type": "code",
   "execution_count": null,
   "metadata": {},
   "outputs": [
    {
     "data": {
      "text/plain": [
       "loadsc (generic function with 1 method)"
      ]
     },
     "metadata": {},
     "output_type": "display_data"
    }
   ],
   "source": [
    "\n",
    "function CreateSimplicialComplex2D(mesh)\n",
    "    coords = Vector{Vector{Float32}}()\n",
    "    anticoords = Dict{Vector{Float32},Int}()\n",
    "\n",
    "    triangles_ = Vector{Tuple{Int,Int,Int}}()\n",
    "\n",
    "    for triangle in mesh\n",
    "        for vertex in triangle\n",
    "            if !haskey(anticoords, vertex)\n",
    "                push!(coords, collect(vertex))\n",
    "                anticoords[collect(vertex)] = length(coords)\n",
    "            end\n",
    "        end\n",
    "        push!(triangles_, (anticoords[collect(triangle[1])], anticoords[collect(triangle[2])], anticoords[collect(triangle[3])]))\n",
    "    end\n",
    "\n",
    "    SimplicialComplex2D(triangles_, coords)\n",
    "end\n",
    "\n",
    "function loadsc(path)\n",
    "    data = load(path)\n",
    "    data_triangles = Array([Array([Tuple([round(z, digits=2) for z in y]) for y in x]) for x in data])\n",
    "    CreateSimplicialComplex2D(data_triangles)\n",
    "end\n"
   ]
  },
  {
   "cell_type": "code",
   "execution_count": 10,
   "metadata": {},
   "outputs": [
    {
     "data": {
      "text/plain": [
       "SimplicialComplex2D(Vector{Float32}[[-0.09231, 0.13236, 0.01822], [-0.09218, 0.13235, 0.01722], [-0.09277, 0.13099, 0.01723], [-0.08717, 0.11039, 0.01836], [-0.08896, 0.11186, 0.01834], [-0.08744, 0.11045, 0.01734], [-0.08784, 0.10502, 0.01437], [-0.08724, 0.10636, 0.01436], [-0.08725, 0.10635, 0.01336], [-0.08785, 0.10502, 0.01337]  …  [-0.06682, 0.03604, 0.03391], [-0.06671, 0.03757, 0.03519], [-0.06666, 0.03607, 0.03539], [-0.06658, 0.03628, 0.03652], [-0.06666, 0.03607, 0.03539], [-0.06671, 0.03757, 0.03519], [-0.06682, 0.03604, 0.03391], [-0.06682, 0.03604, 0.03391], [-0.06671, 0.03757, 0.03519], [-0.06673, 0.03741, 0.03372]], Set([185983, 92533, 137206, 76914, 150095, 37100, 173643, 90240, 3406, 185066  …  53638, 89207, 98986, 99296, 192841, 202471, 98971, 150325, 161331, 175679]), Dict{Int64, Set{Tuple{Int64, Int64}}}(185983 => Set([(185983, 185984), (185983, 185985)]), 92533 => Set([(92533, 92535), (92533, 92534)]), 137206 => Set([(137206, 137207), (137206, 137208)]), 76914 => Set([(76913, 76914), (76912, 76914)]), 150095 => Set([(150094, 150095), (150095, 150096)]), 37100 => Set([(37099, 37100), (37100, 37101)]), 173643 => Set([(173641, 173643), (173642, 173643)]), 90240 => Set([(90239, 90240), (90238, 90240)]), 3406 => Set([(3406, 3407), (3406, 3408)]), 185066 => Set([(185066, 185067), (185065, 185066)])…), Dict{Tuple{Int64, Int64}, Set{Tuple{Int64, Int64, Int64}}}((135215, 135216) => Set([(135214, 135215, 135216)]), (12032, 12033) => Set([(12031, 12032, 12033)]), (15712, 15713) => Set([(15712, 15713, 15714)]), (69227, 69228) => Set([(69226, 69227, 69228)]), (179500, 179501) => Set([(179500, 179501, 179502)]), (83953, 83955) => Set([(83953, 83954, 83955)]), (23575, 23577) => Set([(23575, 23576, 23577)]), (120628, 120630) => Set([(120628, 120629, 120630)]), (7030, 7032) => Set([(7030, 7031, 7032)]), (102608, 102609) => Set([(102607, 102608, 102609)])…))"
      ]
     },
     "metadata": {},
     "output_type": "display_data"
    }
   ],
   "source": [
    "bunidata = loadsc(\"bunny/reconstruction/bun_zipper.ply\")\n",
    "# fuzz = 1\n",
    "# for i in 1:length(bunidata.coords)\n",
    "#     bunidata.coords[i][1] *= rand() * fuzz\n",
    "#     bunidata.coords[i][2] *= rand() * fuzz\n",
    "#     bunidata.coords[i][3] *= rand() * fuzz\n",
    "# end"
   ]
  },
  {
   "cell_type": "code",
   "execution_count": 11,
   "metadata": {},
   "outputs": [
    {
     "data": {
      "text/plain": [
       "ContractedSimplicialComplex2D(SimplicialComplex2D(Vector{Float32}[[-0.09231, 0.13236, 0.01822], [-0.09218, 0.13235, 0.01722], [-0.09277, 0.13099, 0.01723], [-0.08717, 0.11039, 0.01836], [-0.08896, 0.11186, 0.01834], [-0.08744, 0.11045, 0.01734], [-0.08784, 0.10502, 0.01437], [-0.08724, 0.10636, 0.01436], [-0.08725, 0.10635, 0.01336], [-0.08785, 0.10502, 0.01337]  …  [-0.06682, 0.03604, 0.03391], [-0.06671, 0.03757, 0.03519], [-0.06666, 0.03607, 0.03539], [-0.06658, 0.03628, 0.03652], [-0.06666, 0.03607, 0.03539], [-0.06671, 0.03757, 0.03519], [-0.06682, 0.03604, 0.03391], [-0.06682, 0.03604, 0.03391], [-0.06671, 0.03757, 0.03519], [-0.06673, 0.03741, 0.03372]], Set([185983, 92533, 137206, 76914, 150095, 37100, 173643, 90240, 3406, 185066  …  53638, 89207, 98986, 99296, 192841, 202471, 98971, 150325, 161331, 175679]), Dict{Int64, Set{Tuple{Int64, Int64}}}(185983 => Set([(185983, 185984), (185983, 185985)]), 92533 => Set([(92533, 92535), (92533, 92534)]), 137206 => Set([(137206, 137207), (137206, 137208)]), 76914 => Set([(76913, 76914), (76912, 76914)]), 150095 => Set([(150094, 150095), (150095, 150096)]), 37100 => Set([(37099, 37100), (37100, 37101)]), 173643 => Set([(173641, 173643), (173642, 173643)]), 90240 => Set([(90239, 90240), (90238, 90240)]), 3406 => Set([(3406, 3407), (3406, 3408)]), 185066 => Set([(185066, 185067), (185065, 185066)])…), Dict{Tuple{Int64, Int64}, Set{Tuple{Int64, Int64, Int64}}}((135215, 135216) => Set([(135214, 135215, 135216)]), (12032, 12033) => Set([(12031, 12032, 12033)]), (15712, 15713) => Set([(15712, 15713, 15714)]), (69227, 69228) => Set([(69226, 69227, 69228)]), (179500, 179501) => Set([(179500, 179501, 179502)]), (83953, 83955) => Set([(83953, 83954, 83955)]), (23575, 23577) => Set([(23575, 23576, 23577)]), (120628, 120630) => Set([(120628, 120629, 120630)]), (7030, 7032) => Set([(7030, 7031, 7032)]), (102608, 102609) => Set([(102607, 102608, 102609)])…)), SimplicialComplex2D(Vector{Float32}[[-0.09231, 0.13236, 0.01822], [-0.09218, 0.13235, 0.01722], [-0.09277, 0.13099, 0.01723], [-0.08717, 0.11039, 0.01836], [-0.08896, 0.11186, 0.01834], [-0.08744, 0.11045, 0.01734], [-0.08784, 0.10502, 0.01437], [-0.08724, 0.10636, 0.01436], [-0.08725, 0.10635, 0.01336], [-0.08785, 0.10502, 0.01337]  …  [-0.06682, 0.03604, 0.03391], [-0.06671, 0.03757, 0.03519], [-0.06666, 0.03607, 0.03539], [-0.06658, 0.03628, 0.03652], [-0.06666, 0.03607, 0.03539], [-0.06671, 0.03757, 0.03519], [-0.06682, 0.03604, 0.03391], [-0.06682, 0.03604, 0.03391], [-0.06671, 0.03757, 0.03519], [-0.06673, 0.03741, 0.03372]], Set([185983, 92533, 137206, 76914, 150095, 37100, 173643, 90240, 3406, 185066  …  53638, 89207, 98986, 99296, 192841, 202471, 98971, 150325, 161331, 175679]), Dict{Int64, Set{Tuple{Int64, Int64}}}(185983 => Set([(185983, 185984), (185983, 185985)]), 92533 => Set([(92533, 92535), (92533, 92534)]), 137206 => Set([(137206, 137207), (137206, 137208)]), 76914 => Set([(76913, 76914), (76912, 76914)]), 150095 => Set([(150094, 150095), (150095, 150096)]), 37100 => Set([(37099, 37100), (37100, 37101)]), 173643 => Set([(173641, 173643), (173642, 173643)]), 90240 => Set([(90239, 90240), (90238, 90240)]), 3406 => Set([(3406, 3407), (3406, 3408)]), 185066 => Set([(185066, 185067), (185065, 185066)])…), Dict{Tuple{Int64, Int64}, Set{Tuple{Int64, Int64, Int64}}}((135215, 135216) => Set([(135214, 135215, 135216)]), (12032, 12033) => Set([(12031, 12032, 12033)]), (15712, 15713) => Set([(15712, 15713, 15714)]), (69227, 69228) => Set([(69226, 69227, 69228)]), (179500, 179501) => Set([(179500, 179501, 179502)]), (83953, 83955) => Set([(83953, 83954, 83955)]), (23575, 23577) => Set([(23575, 23576, 23577)]), (120628, 120630) => Set([(120628, 120629, 120630)]), (7030, 7032) => Set([(7030, 7031, 7032)]), (102608, 102609) => Set([(102607, 102608, 102609)])…)), Dict{Tuple{Int64, Int64, Int64}, Matrix{Float32}}((100000, 100001, 100002) => [0.22174028 0.2186819 -0.3531993 0.008738682; 0.2186819 0.21566573 -0.34832776 0.008618154; -0.3531993 -0.34832776 0.562594 -0.0139194215; 0.008738682 0.008618154 -0.0139194215 0.00034438746], (51397, 51398, 51399) => [0.010795803 0.05530259 0.08729763 -0.007332635; 0.05530259 0.2832931 0.4471909 -0.03756216; 0.08729763 0.4471909 0.70591104 -0.059293564; -0.007332635 -0.03756216 -0.059293564 0.004980411], (58027, 58028, 58029) => [0.28524733 -0.19568981 0.4069235 -0.013452499; -0.19568981 0.13425016 -0.279164 0.009228893; 0.4069235 -0.279164 0.58050233 -0.019190848; -0.013452499 0.009228893 -0.019190848 0.00063443097], (77101, 77102, 77103) => [0.8844113 0.021230375 0.3190256 -0.048915874; 0.021230375 0.0005096372 0.00765824 -0.0011742302; 0.3190256 0.00765824 0.115079194 -0.017644977; -0.048915874 -0.0011742302 -0.017644977 0.0027054865], (100864, 100865, 100866) => [0.44134197 -0.15570833 -0.47150207 0.044167493; -0.15570833 0.054934915 0.16634901 -0.01558258; -0.47150207 0.16634901 0.5037232 -0.04718578; 0.044167493 -0.01558258 -0.04718578 0.004420081], (71812, 71813, 71814) => [0.7509073 0.43035027 0.04294396 -0.07657383; 0.43035027 0.24663678 0.024611484 -0.043885; 0.04294396 0.024611484 0.0024559402 -0.0043792133; -0.07657383 -0.043885 -0.0043792133 0.0078086215], (137254, 137255, 137256) => [0.17852731 0.1995093 -0.32688126 -0.029840581; 0.1995093 0.22295722 -0.365299 -0.033347685; -0.32688126 -0.365299 0.5985155 0.054637726; -0.029840581 -0.033347685 0.054637726 0.0049878093], (102298, 102299, 102300) => [0.7996645 -0.24565093 -0.31600133 0.09660972; -0.24565093 0.07546213 0.09707324 -0.029677782; -0.31600133 0.09707324 0.12487342 -0.03817701; 0.09660972 -0.029677782 -0.03817701 0.011671693], (28360, 28361, 28362) => [0.0002932922 0.0037790546 0.016701046 -0.0012321438; 0.0037790546 0.04869292 0.2151921 -0.015876109; 0.016701046 0.2151921 0.95101374 -0.07016242; -0.0012321438 -0.015876109 -0.07016242 0.0051763346], (163687, 163688, 163689) => [0.29002854 0.07598765 0.4473677 0.00499578; 0.07598765 0.019908812 0.11721061 0.0013088974; 0.4473677 0.11721061 0.69006264 0.007705968; 0.00499578 0.0013088974 0.007705968 8.605297f-5]…), Dict{Tuple{Int64, Int64}, Matrix{Float32}}((135215, 135216) => [0.5859472 -0.49147466 0.03264704 0.1111929; -0.49147466 0.41223398 -0.027383342 -0.09326521; 0.03264704 -0.027383342 0.001818985 0.0061953003; 0.1111929 -0.09326521 0.0061953003 0.021100638], (15712, 15713) => [0.09121283 -0.27381417 -0.088988036 0.03825479; -0.27381417 0.8219698 0.2671355 -0.11483804; -0.088988036 0.2671355 0.08681751 -0.037321705; 0.03825479 -0.11483804 -0.037321705 0.016044112], (12032, 12033) => [0.014730312 -0.06648416 -0.10046486 0.011968312; -0.06648416 0.30007127 0.4534406 -0.054018077; -0.10046486 0.4534406 0.68519855 -0.08162724; 0.011968312 -0.054018077 -0.08162724 0.009724199], (69227, 69228) => [0.80602175 -0.36929289 -0.14132725 -0.0037918938; -0.36929289 0.16919795 0.064751536 0.0017373221; -0.14132725 0.064751536 0.024780216 0.0006648678; -0.0037918938 0.0017373221 0.0006648678 1.7838796f-5], (179500, 179501) => [0.23373047 0.19761549 0.37423074 0.0057840054; 0.19761549 0.16708082 0.31640628 0.004890287; 0.37423074 0.31640628 0.5991886 0.009260892; 0.0057840054 0.004890287 0.009260892 0.00014313374], (83953, 83955) => [0.905593 -0.16770019 0.23952216 0.1027242; -0.16770019 0.031055178 -0.04435537 -0.01902275; 0.23952216 -0.04435537 0.06335171 0.027169738; 0.1027242 -0.01902275 0.027169738 0.011652323], (23575, 23577) => [0.0051237615 0.05527334 0.045192555 -0.008371695; 0.05527334 0.59626937 0.48752138 -0.0903109; 0.045192555 0.48752138 0.39860693 -0.07383994; -0.008371695 -0.0903109 -0.07383994 0.01367848], (120628, 120630) => [0.14490843 0.18013172 -0.3024277 -0.02730094; 0.18013172 0.22391683 -0.37593964 -0.033937056; -0.3024277 -0.37593964 0.6311746 0.056977786; -0.02730094 -0.033937056 0.056977786 0.0051435335], (7030, 7032) => [0.041580092 -0.05033499 0.19317757 -0.001349482; -0.05033499 0.060933273 -0.23385207 0.0016336221; 0.19317757 -0.23385207 0.8974865 -0.0062695784; -0.001349482 0.0016336221 -0.0062695784 4.3797438f-5], (102608, 102609) => [0.31810367 -0.43003646 -0.17883608 0.09161468; -0.43003646 0.58135563 0.24176405 -0.123851605; -0.17883608 0.24176405 0.10054063 -0.051505253; 0.09161468 -0.123851605 -0.051505253 0.026385263]…), Dict{Int64, Matrix{Float32}}(185983 => [0.45386314 0.30431935 -0.3940318 -0.05000774; 0.30431935 0.20404889 -0.26420188 -0.03353064; -0.3940318 -0.26420188 0.3420878 0.043415375; -0.05000774 -0.03353064 0.043415375 0.0055099735], 92533 => [0.0038033228 0.04709402 0.039635982 -0.008338294; 0.04709402 0.583134 0.49078605 -0.10324756; 0.039635982 0.49078605 0.41306278 -0.08689678; -0.008338294 -0.10324756 -0.08689678 0.018280635], 137206 => [0.3391791 -0.4385013 -0.17847466 0.081883766; -0.4385013 0.5669081 0.23073761 -0.10586189; -0.17847466 0.23073761 0.093912646 -0.04308691; 0.081883766 -0.10586189 -0.04308691 0.019768175], 76914 => [0.9544937 0.034520555 0.20553324 0.041353278; 0.034520555 0.0012484825 0.0074333875 0.0014955971; 0.20553324 0.0074333875 0.044257928 0.008904693; 0.041353278 0.0014955971 0.008904693 0.0017916237], 150095 => [0.15091269 0.31129196 -0.1767353 -0.041953303; 0.31129196 0.6421109 -0.364557 -0.086538285; -0.1767353 -0.364557 0.20697641 0.049131915; -0.041953303 -0.086538285 0.049131915 0.0116628995], 37100 => [0.034420613 -0.012989041 0.18184368 -0.009213157; -0.012989041 0.004901574 -0.06862094 0.003476698; 0.18184368 -0.06862094 0.96067786 -0.048672993; -0.009213157 0.003476698 -0.048672993 0.00246603], 173643 => [0.0034942415 -0.058868773 -0.0040619113 0.002364987; -0.058868773 0.99178386 0.06843252 -0.03984381; -0.0040619113 0.06843252 0.004721804 -0.0027491997; 0.002364987 -0.03984381 -0.0027491997 0.0016006804], 90240 => [0.12242076 -0.31508794 -0.090296865 0.044135954; -0.31508794 0.8109769 0.2324071 -0.11359762; -0.090296865 0.2324071 0.06660246 -0.032554433; 0.044135954 -0.11359762 -0.032554433 0.01591219], 3406 => [0.07827315 -0.26794165 0.018808136 0.03553822; -0.26794165 0.9172076 -0.06438329 -0.12165308; 0.018808136 -0.06438329 0.0045193783 0.008539425; 0.03553822 -0.12165308 0.008539425 0.016135357], 185066 => [0.014324521 0.11880296 -0.0022772322 -0.00427735; 0.11880296 0.98531336 -0.01888663 -0.03547496; -0.0022772322 -0.01888663 0.00036202164 0.0006799891; -0.00427735 -0.03547496 0.0006799891 0.0012772309]…))"
      ]
     },
     "metadata": {},
     "output_type": "display_data"
    }
   ],
   "source": [
    "buni = initialContractedSimplicialComplex2D(bunidata)"
   ]
  },
  {
   "cell_type": "code",
   "execution_count": 13,
   "metadata": {},
   "outputs": [
    {
     "data": {
      "text/plain": [
       "GLMakie.Screen(...)"
      ]
     },
     "metadata": {},
     "output_type": "display_data"
    }
   ],
   "source": [
    "visualize(buni)"
   ]
  },
  {
   "cell_type": "code",
   "execution_count": null,
   "metadata": {},
   "outputs": [
    {
     "data": {
      "text/plain": [
       "issafe (generic function with 1 method)"
      ]
     },
     "metadata": {},
     "output_type": "display_data"
    }
   ],
   "source": [
    "include(\"contractions.jl\")"
   ]
  },
  {
   "cell_type": "code",
   "execution_count": null,
   "metadata": {},
   "outputs": [
    {
     "data": {
      "text/plain": [
       "0.017894885f0"
      ]
     },
     "metadata": {},
     "output_type": "display_data"
    }
   ],
   "source": [
    "error(buni, (1, 2))"
   ]
  },
  {
   "cell_type": "code",
   "execution_count": 7,
   "metadata": {},
   "outputs": [
    {
     "name": "stderr",
     "output_type": "stream",
     "text": [
      "0.0%┣                                   ┫ 0/208.4k [00:14<-813:-51:-37, -14s/it]\n",
      "0.0%┣                                       ┫ 1/208.4k [00:25<Inf:Inf, InfGs/it]\n",
      "0.0%┣                                       ┫ 11/208.4k [00:25<145:35:05, 3s/it]\n",
      "1.8%┣▊                                      ┫ 3.7k/208.4k [00:25<22:59, 148it/s]\n",
      "3.5%┣█▍                                     ┫ 7.3k/208.4k [00:25<11:37, 289it/s]\n",
      "5.2%┣██                                    ┫ 10.9k/208.4k [00:25<07:38, 432it/s]\n",
      "7.1%┣██▊                                   ┫ 14.7k/208.4k [00:25<05:34, 580it/s]\n",
      "8.8%┣███▍                                  ┫ 18.4k/208.4k [00:25<04:23, 723it/s]\n",
      "10.5%┣███▉                                 ┫ 21.8k/208.4k [00:25<03:38, 855it/s]\n",
      "12.5%┣████▌                               ┫ 26.0k/208.4k [00:26<02:59, 1.0kit/s]\n",
      "14.3%┣█████▏                              ┫ 29.8k/208.4k [00:26<02:33, 1.2kit/s]\n",
      "16.0%┣█████▊                              ┫ 33.4k/208.4k [00:26<02:14, 1.3kit/s]\n",
      "17.8%┣██████▍                             ┫ 37.1k/208.4k [00:26<01:59, 1.4kit/s]\n",
      "19.6%┣███████                             ┫ 40.9k/208.4k [00:26<01:45, 1.6kit/s]\n",
      "21.0%┣███████▌                            ┫ 43.7k/208.4k [00:26<01:37, 1.7kit/s]\n",
      "22.8%┣████████▏                           ┫ 47.6k/208.4k [00:26<01:27, 1.8kit/s]\n",
      "24.8%┣█████████                           ┫ 51.7k/208.4k [00:26<01:18, 2.0kit/s]\n",
      "26.9%┣█████████▊                          ┫ 56.1k/208.4k [00:26<01:10, 2.2kit/s]\n",
      "28.9%┣██████████▍                         ┫ 60.3k/208.4k [00:26<01:04, 2.3kit/s]\n",
      "30.9%┣███████████▏                        ┫ 64.4k/208.4k [00:26<00:58, 2.5kit/s]\n",
      "32.8%┣███████████▉                        ┫ 68.3k/208.4k [00:26<00:54, 2.6kit/s]\n",
      "34.9%┣████████████▌                       ┫ 72.6k/208.4k [00:26<00:49, 2.8kit/s]\n",
      "36.6%┣█████████████▏                      ┫ 76.2k/208.4k [00:26<00:45, 2.9kit/s]\n",
      "38.2%┣█████████████▊                      ┫ 79.6k/208.4k [00:26<00:42, 3.0kit/s]\n",
      "40.1%┣██████████████▍                     ┫ 83.6k/208.4k [00:26<00:39, 3.2kit/s]\n",
      "42.0%┣███████████████▏                    ┫ 87.5k/208.4k [00:26<00:36, 3.3kit/s]\n",
      "43.1%┣███████████████▌                    ┫ 89.8k/208.4k [00:27<00:35, 3.4kit/s]\n",
      "45.4%┣████████████████▎                   ┫ 94.5k/208.4k [00:27<00:32, 3.5kit/s]\n",
      "47.8%┣█████████████████▏                  ┫ 99.7k/208.4k [00:27<00:29, 3.7kit/s]\n",
      "50.2%┣█████████████████▌                 ┫ 104.5k/208.4k [00:27<00:27, 3.9kit/s]\n",
      "52.9%┣██████████████████▌                ┫ 110.3k/208.4k [00:27<00:24, 4.1kit/s]\n",
      "55.4%┣███████████████████▍               ┫ 115.4k/208.4k [00:27<00:22, 4.3kit/s]\n",
      "58.0%┣████████████████████▎              ┫ 120.8k/208.4k [00:27<00:20, 4.5kit/s]\n",
      "60.5%┣█████████████████████▏             ┫ 126.0k/208.4k [00:27<00:18, 4.7kit/s]\n",
      "63.5%┣██████████████████████▎            ┫ 132.3k/208.4k [00:27<00:16, 4.9kit/s]\n",
      "65.8%┣███████████████████████            ┫ 137.1k/208.4k [00:27<00:14, 5.1kit/s]\n",
      "68.7%┣████████████████████████           ┫ 143.1k/208.4k [00:27<00:12, 5.3kit/s]\n",
      "71.3%┣█████████████████████████          ┫ 148.7k/208.4k [00:27<00:11, 5.5kit/s]\n",
      "74.4%┣██████████████████████████         ┫ 155.1k/208.4k [00:27<00:09, 5.7kit/s]\n",
      "77.1%┣███████████████████████████        ┫ 160.6k/208.4k [00:27<00:08, 5.9kit/s]\n",
      "79.3%┣███████████████████████████▊       ┫ 165.2k/208.4k [00:27<00:07, 6.0kit/s]\n",
      "81.6%┣████████████████████████████▋      ┫ 170.1k/208.4k [00:27<00:06, 6.2kit/s]\n",
      "83.9%┣█████████████████████████████▍     ┫ 174.8k/208.4k [00:28<00:05, 6.3kit/s]\n",
      "86.6%┣██████████████████████████████▎    ┫ 180.4k/208.4k [00:28<00:04, 6.5kit/s]\n",
      "88.9%┣███████████████████████████████    ┫ 185.1k/208.4k [00:28<00:03, 6.7kit/s]\n",
      "91.0%┣███████████████████████████████▉   ┫ 189.6k/208.4k [00:28<00:03, 6.8kit/s]\n",
      "92.8%┣████████████████████████████████▌  ┫ 193.3k/208.4k [00:28<00:02, 7.0kit/s]\n",
      "94.3%┣█████████████████████████████████  ┫ 196.5k/208.4k [00:28<00:02, 7.1kit/s]\n",
      "95.6%┣█████████████████████████████████▌ ┫ 199.2k/208.4k [00:28<00:01, 7.2kit/s]\n",
      "97.4%┣██████████████████████████████████ ┫ 202.9k/208.4k [00:28<00:01, 7.3kit/s]\n",
      "99.3%┣██████████████████████████████████▊┫ 207.0k/208.4k [00:28<00:00, 7.4kit/s]\n",
      "100.0%┣██████████████████████████████████┫ 208.4k/208.4k [00:28<00:00, 7.5kit/s]\n",
      "100.0%┣██████████████████████████████████┫ 208.4k/208.4k [00:28<00:00, 7.5kit/s]\n"
     ]
    }
   ],
   "source": [
    "pq = PriorityQueue()\n",
    "for (edge, triangle) in ProgressBar(buni.contracted._edge_to_triangles)\n",
    "    pq[edge] = error(buni, edge)\n",
    "end"
   ]
  },
  {
   "cell_type": "code",
   "execution_count": 8,
   "metadata": {},
   "outputs": [
    {
     "name": "stderr",
     "output_type": "stream",
     "text": [
      "0.0%┣                                                ┫ 0/3 [00:00<00:00, -0s/it]\n"
     ]
    },
    {
     "ename": "BoundsError",
     "evalue": "BoundsError: attempt to access Set{Int64} with 1 element at index [2]",
     "output_type": "error",
     "traceback": [
      "BoundsError: attempt to access Set{Int64} with 1 element at index [2]\n",
      "\n",
      "Stacktrace:\n",
      " [1] indexed_iterate\n",
      "   @ ./tuple.jl:168 [inlined]\n",
      " [2] contract!(K::ContractedSimplicialComplex2D, edge::Tuple{Int64, Int64})\n",
      "   @ Main ~/Documents/faks/topoloska-analiza-podatkov/project/contractions.jl:253\n",
      " [3] top-level scope\n",
      "   @ ~/Documents/faks/topoloska-analiza-podatkov/project/jl_notebook_cell_df34fa98e69747e1a8f8a730347b8e2f_X20sZmlsZQ==.jl:7"
     ]
    }
   ],
   "source": [
    "for i in ProgressBar(1:3)\n",
    "    first = dequeue!(pq)\n",
    "    while !issafe(buni.contracted, first)\n",
    "        first = dequeue!(pq)\n",
    "    end\n",
    "\n",
    "    new_vertex = contract!(buni, first)\n",
    "    for edge in buni.contracted._vertex_to_edges[new_vertex]\n",
    "        pq[edge] = error(buni, edge)\n",
    "        for triangle in buni.contracted._edge_to_triangles[edge]\n",
    "            pq[triangle] = error(buni, triangle)\n",
    "        end\n",
    "    end\n",
    "end"
   ]
  }
 ],
 "metadata": {
  "kernelspec": {
   "display_name": "Julia 1.11.2",
   "language": "julia",
   "name": "julia-1.11"
  },
  "language_info": {
   "file_extension": ".jl",
   "mimetype": "application/julia",
   "name": "julia",
   "version": "1.11.2"
  }
 },
 "nbformat": 4,
 "nbformat_minor": 2
}
