{
 "cells": [
  {
   "cell_type": "code",
   "execution_count": 11,
   "metadata": {},
   "outputs": [],
   "source": [
    "using DataStructures\n",
    "using FileIO\n",
    "using Meshes\n",
    "using MeshIO\n",
    "using Makie\n",
    "using GLMakie\n",
    "using GeometryBasics\n",
    "using ProgressBars\n",
    "using JLD2\n",
    "using Serialization"
   ]
  },
  {
   "cell_type": "code",
   "execution_count": null,
   "metadata": {},
   "outputs": [
    {
     "data": {
      "text/plain": [
       "visualize (generic function with 3 methods)"
      ]
     },
     "metadata": {},
     "output_type": "display_data"
    }
   ],
   "source": [
    "include(\"contractions.jl\")\n",
    "include(\"visualisation.jl\")\n",
    "include(\"visualisation.jl\")"
   ]
  },
  {
   "cell_type": "code",
   "execution_count": null,
   "metadata": {},
   "outputs": [
    {
     "data": {
      "text/plain": [
       "GLMakie.Screen(...)"
      ]
     },
     "metadata": {},
     "output_type": "display_data"
    }
   ],
   "source": [
    "cubedata = loadsc_OLD(\"other_ply/cube.ply\")\n",
    "cube = initialContractedSimplicialComplex2D(cubedata)\n",
    "visualize(cube)"
   ]
  },
  {
   "cell_type": "code",
   "execution_count": 61,
   "metadata": {},
   "outputs": [
    {
     "data": {
      "text/plain": [
       "ContractedSimplicialComplex2D(SimplicialComplex2D(Vector{Float32}[[-0.09231, 0.13236, 0.01822], [-0.09218, 0.13235, 0.01722], [-0.09277, 0.13099, 0.01723], [-0.08717, 0.11039, 0.01836], [-0.08896, 0.11186, 0.01834], [-0.08744, 0.11045, 0.01734], [-0.08784, 0.10502, 0.01437], [-0.08724, 0.10636, 0.01436], [-0.08725, 0.10635, 0.01336], [-0.08785, 0.10502, 0.01337]  …  [-0.0419, 0.03367, 0.02694], [-0.0428, 0.03443, 0.02962], [-0.04345, 0.03445, 0.03123], [-0.04408, 0.03448, 0.03283], [-0.04464, 0.03465, 0.03432], [-0.04532, 0.03459, 0.03598], [-0.04592, 0.03469, 0.03752], [-0.04664, 0.03455, 0.03923], [-0.04724, 0.03464, 0.04077], [-0.04787, 0.03465, 0.04236]], Set([17984, 19700, 29965, 11950, 21664, 30270, 1703, 12427, 7685, 18374  …  4724, 25754, 4496, 10808, 8546, 4159, 24824, 8992, 15380, 31794]), Dict{Int64, Set{Tuple{Int64, Int64}}}(17984 => Set([(16945, 17984), (17762, 17984), (17984, 22404), (17984, 24281), (16944, 17984), (8914, 17984)]), 19700 => Set([(19700, 19730), (19662, 19700), (19700, 19729), (19700, 19701), (19699, 19700), (19661, 19700)]), 29965 => Set([(29965, 29966), (29919, 29965), (29965, 30010), (29920, 29965), (29965, 30009), (29964, 29965)]), 11950 => Set([(11853, 11950), (11950, 12063), (11950, 12062), (11852, 11950), (11851, 11950), (11950, 11951), (11949, 11950)]), 21664 => Set([(21664, 21714), (21664, 21761), (21597, 21664), (21599, 21664), (21663, 21664)]), 30270 => Set([(30269, 30270), (30270, 30313), (30270, 30314), (30270, 30271), (30226, 30270)]), 1703 => Set([(1702, 1703), (1531, 1703), (1703, 1836), (1703, 1704), (1530, 1703)]), 12427 => Set([(12330, 12427), (12427, 12428), (12427, 12537), (12331, 12427), (12427, 12536), (12427, 12538), (12426, 12427)]), 7685 => Set([(7685, 7777), (7685, 7686), (7591, 7685), (7684, 7685), (7590, 7685), (7685, 7776)]), 18374 => Set([(1082, 18374), (1256, 18374), (2610, 18374), (2609, 18374), (1083, 18374), (18374, 19113), (18374, 18620)])…), Dict{Tuple{Int64, Int64}, Set{Tuple{Int64, Int64, Int64}}}((511, 3199) => Set([(511, 512, 3199), (511, 3198, 3199)]), (25588, 26644) => Set([(25588, 26644, 27001), (24122, 25588, 26644)]), (2182, 2183) => Set([(2013, 2182, 2183), (2182, 2183, 2348)]), (1721, 1722) => Set([(1562, 1721, 1722), (1721, 1722, 1727)]), (26097, 26193) => Set([(26097, 26193, 26194), (26096, 26097, 26193)]), (7786, 7880) => Set([(7786, 7787, 7880), (7786, 7879, 7880)]), (25464, 28487) => Set([(25464, 28364, 28487), (25464, 28084, 28487)]), (16879, 16880) => Set([(16879, 16880, 16881), (8530, 16879, 16880)]), (10511, 10513) => Set([(10511, 10513, 10518), (10511, 10512, 10513)]), (24226, 24227) => Set([(24166, 24226, 24227), (24226, 24227, 24293)])…)), SimplicialComplex2D(Vector{Float32}[[-0.09231, 0.13236, 0.01822], [-0.09218, 0.13235, 0.01722], [-0.09277, 0.13099, 0.01723], [-0.08717, 0.11039, 0.01836], [-0.08896, 0.11186, 0.01834], [-0.08744, 0.11045, 0.01734], [-0.08784, 0.10502, 0.01437], [-0.08724, 0.10636, 0.01436], [-0.08725, 0.10635, 0.01336], [-0.08785, 0.10502, 0.01337]  …  [-0.0419, 0.03367, 0.02694], [-0.0428, 0.03443, 0.02962], [-0.04345, 0.03445, 0.03123], [-0.04408, 0.03448, 0.03283], [-0.04464, 0.03465, 0.03432], [-0.04532, 0.03459, 0.03598], [-0.04592, 0.03469, 0.03752], [-0.04664, 0.03455, 0.03923], [-0.04724, 0.03464, 0.04077], [-0.04787, 0.03465, 0.04236]], Set([17984, 19700, 29965, 11950, 21664, 30270, 1703, 12427, 7685, 18374  …  4724, 25754, 4496, 10808, 8546, 4159, 24824, 8992, 15380, 31794]), Dict{Int64, Set{Tuple{Int64, Int64}}}(8992 => Set([(8991, 8992), (4402, 8992), (1566, 8992), (8992, 19641), (8992, 8993)]), 15380 => Set([(2046, 15380), (3336, 15380), (13825, 15380), (15380, 20040), (3337, 15380), (15380, 16029)]), 29965 => Set([(29965, 29966), (29919, 29965), (29965, 30010), (29920, 29965), (29965, 30009), (29964, 29965)]), 11950 => Set([(11853, 11950), (11950, 12063), (11950, 12062), (11852, 11950), (11851, 11950), (11950, 11951), (11949, 11950)]), 31794 => Set([(31793, 31794), (31792, 31794), (31794, 32038), (23698, 31794), (31794, 32039), (31794, 32017)]), 30270 => Set([(30269, 30270), (30270, 30313), (30270, 30314), (30270, 30271), (30226, 30270)]), 1703 => Set([(1702, 1703), (1531, 1703), (1703, 1836), (1703, 1704), (1530, 1703)]), 12427 => Set([(12330, 12427), (12427, 12428), (12427, 12537), (12331, 12427), (12427, 12536), (12427, 12538), (12426, 12427)]), 7685 => Set([(7685, 7777), (7685, 7686), (7591, 7685), (7684, 7685), (7590, 7685), (7685, 7776)]), 18374 => Set([(1082, 18374), (1256, 18374), (2610, 18374), (2609, 18374), (1083, 18374), (18374, 19113), (18374, 18620)])…), Dict{Tuple{Int64, Int64}, Set{Tuple{Int64, Int64, Int64}}}((511, 3199) => Set([(511, 512, 3199), (511, 3198, 3199)]), (25588, 26644) => Set([(25588, 26644, 27001), (24122, 25588, 26644)]), (2182, 2183) => Set([(2013, 2182, 2183), (2182, 2183, 2348)]), (1721, 1722) => Set([(1562, 1721, 1722), (1721, 1722, 1727)]), (26097, 26193) => Set([(26097, 26193, 26194), (26096, 26097, 26193)]), (7786, 7880) => Set([(7786, 7787, 7880), (7786, 7879, 7880)]), (25464, 28487) => Set([(25464, 28364, 28487), (25464, 28084, 28487)]), (16879, 16880) => Set([(16879, 16880, 16881), (8530, 16879, 16880)]), (10511, 10513) => Set([(10511, 10513, 10518), (10511, 10512, 10513)]), (24226, 24227) => Set([(24166, 24226, 24227), (24226, 24227, 24293)])…)), Dict{Tuple{Int64, Int64, Int64}, Matrix{Float32}}((32121, 32379, 32438) => [0.0008062513 -0.028330104 0.0017339103 0.001054072; -0.028330104 0.9954648 -0.06092624 -0.037038043; 0.0017339103 -0.06092624 0.0037289178 0.0022668692; 0.001054072 -0.037038043 0.0022668692 0.0013780664], (20731, 20732, 22006) => [0.5995843 0.25577372 -0.41792673 0.016219709; 0.25577372 0.10910925 -0.17828132 0.006919086; -0.41792673 -0.17828132 0.29130644 -0.011305583; 0.016219709 0.006919086 -0.011305583 0.00043876894], (6171, 6172, 6173) => [0.13543838 -0.33765838 -0.055512726 0.055825602; -0.33765838 0.8418084 0.13839751 -0.13917753; -0.055512726 0.13839751 0.022753244 -0.022881484; 0.055825602 -0.13917753 -0.022881484 0.023010446], (19547, 19713, 21423) => [0.6244881 -0.3595831 -0.3243497 0.10137372; -0.3595831 0.20704961 0.18676205 -0.05837145; -0.3243497 0.18676205 0.16846234 -0.05265198; 0.10137372 -0.05837145 -0.05265198 0.016456086], (8136, 8137, 8225) => [0.00046397615 0.0026647286 -0.021369608 0.0006861933; 0.0026647286 0.01530419 -0.12273089 0.003940976; -0.021369608 -0.12273089 0.9842319 -0.031604387; 0.0006861933 0.003940976 -0.031604387 0.0010148394], (13005, 13093, 13094) => [0.66666543 0.29443812 0.36814243 -0.017232778; 0.29443812 0.13004096 0.16259304 -0.0076109944; 0.36814243 0.16259304 0.20329362 -0.009516192; -0.017232778 -0.0076109944 -0.009516192 0.00044545377], (25883, 25889, 25891) => [0.03950161 -0.1827375 0.06744071 0.020273931; -0.1827375 0.8453577 -0.3119859 -0.093788765; 0.06744071 -0.3119859 0.115140855 0.034613483; 0.020273931 -0.093788765 0.034613483 0.010405456], (5700, 5701, 6396) => [0.08792363 -0.16118293 -0.23283713 0.012991129; -0.16118293 0.29548296 0.4268405 -0.023815535; -0.23283713 0.4268405 0.6165933 -0.034402777; 0.012991129 -0.023815535 -0.034402777 0.0019195004], (4550, 7637, 16580) => [0.75590426 -0.40412003 -0.145602 -0.0012710586; -0.40412003 0.21604985 0.07784145 0.0006795308; -0.145602 0.07784145 0.028045805 0.00024483082; -0.0012710586 0.0006795308 0.00024483082 2.1372941f-6], (4863, 9949, 11908) => [0.84883165 -0.08027437 -0.3491024 -0.031622324; -0.08027437 0.0075915814 0.033014763 0.0029905369; -0.3491024 0.033014763 0.14357674 0.01300544; -0.031622324 0.0029905369 0.01300544 0.0011780562]…), Dict{Tuple{Int64, Int64}, Matrix{Float32}}((511, 3199) => [0.27073824 0.6653945 0.13539478 -0.07739717; 0.6653945 1.6594932 0.33981067 -0.19337565; 0.13539478 0.33981067 0.06976846 -0.039627355; -0.07739717 -0.19337565 -0.039627355 0.02253839], (25588, 26644) => [0.054420613 0.25482637 -0.16663107 -0.029592916; 0.25482637 1.3857486 -0.87799466 -0.160018; -0.16663107 -0.87799466 0.559831 0.10149998; -0.029592916 -0.160018 0.10149998 0.018481618], (2182, 2183) => [0.012169022 -0.10479182 -0.11469425 0.021187223; -0.10479182 0.90441376 0.98987746 -0.18284027; -0.11469425 0.98987746 1.083417 -0.20011799; 0.021187223 -0.18284027 -0.20011799 0.03696395], (26097, 26193) => [1.3260515 -0.27851537 0.88793063 0.14761598; -0.27851537 0.07936738 -0.1871151 -0.0341084; 0.88793063 -0.1871151 0.59458125 0.09893659; 0.14761598 -0.0341084 0.09893659 0.016894292], (1721, 1722) => [0.0015250314 -0.054087333 -0.00986854 0.0072807753; -0.054087333 1.9344361 0.3517022 -0.2603709; -0.00986854 0.3517022 0.064038806 -0.047340374; 0.0072807753 -0.2603709 -0.047340374 0.035045404], (25464, 28487) => [0.050537184 -0.053331792 0.3050567 0.014130016; -0.053331792 0.057816427 -0.33070868 -0.015233982; 0.3050567 -0.33070868 1.8916465 0.08713804; 0.014130016 -0.015233982 0.08713804 0.0040184804], (7786, 7880) => [0.20074652 -0.12368727 0.56785804 -0.007074033; -0.12368727 0.07642852 -0.34481227 0.0041292333; 0.56785804 -0.34481227 1.722825 -0.025284989; -0.007074033 0.0041292333 -0.025284989 0.0004880613], (16879, 16880) => [1.396769 -0.7560694 -0.4342603 0.22247978; -0.7560694 0.45985982 0.25562957 -0.12826875; -0.4342603 0.25562957 0.14337105 -0.07235635; 0.22247978 -0.12826875 -0.07235635 0.03665191], (10511, 10513) => [0.45935 -0.028528132 0.8405398 -0.0485937; -0.028528132 0.0018754906 -0.05247466 0.0030240489; 0.8405398 -0.05247466 1.5387747 -0.08893506; -0.0485937 0.0030240489 -0.08893506 0.0051409896], (24226, 24227) => [1.5485924 0.7496598 0.24790163 0.0064692325; 0.7496598 0.36291403 0.12071949 0.0031492028; 0.24790163 0.12071949 0.08849357 0.0022347537; 0.0064692325 0.0031492028 0.0022347537 5.6485977f-5]…), Dict{Int64, Matrix{Float32}}(8992 => [0.9317852 1.7172481 0.88455147 -0.19630654; 1.7172481 3.2150507 1.6508477 -0.36968723; 0.88455147 1.6508477 0.85316396 -0.18937996; -0.19630654 -0.36968723 -0.18937996 0.04261059], 15380 => [0.75978357 1.3173051 0.29877332 -0.025282469; 1.3173051 5.1133976 0.43094587 -0.13807872; 0.29877332 0.43094587 0.12681913 -0.0071937293; -0.025282469 -0.13807872 -0.0071937293 0.0039838557], 29965 => [0.1677314 0.008568304 -0.9453328 -0.02381805; 0.008568304 0.020753741 -0.057364628 -0.002220297; -0.9453328 -0.057364628 5.811515 0.14588462; -0.02381805 -0.002220297 0.14588462 0.0036932407], 11950 => [4.8266144 -0.007934891 3.1678817 0.18628666; -0.007934891 0.028072324 0.017571775 -0.005154754; 3.1678817 0.017571775 2.1453125 0.116468854; 0.18628666 -0.005154754 0.116468854 0.008100434], 31794 => [1.029853 1.756912 -0.5265872 -0.07981314; 1.756912 4.5888104 -1.0929916 -0.19010283; -0.5265872 -1.0929916 0.38133666 0.04684681; -0.07981314 -0.19010283 0.04684681 0.008017352], 30270 => [0.19416316 0.039111663 -0.95525426 -0.03716309; 0.039111663 0.0126132425 -0.20017384 -0.008123705; -0.95525426 -0.20017384 4.7932234 0.18673393; -0.03716309 -0.008123705 0.18673393 0.0072996663], 1703 => [0.05438038 0.030133879 -0.4156889 0.022576505; 0.030133879 0.09293468 -0.40477386 0.012088264; -0.4156889 -0.40477386 4.8526845 -0.23959823; 0.022576505 0.012088264 -0.23959823 0.01299752], 12427 => [1.6220756 1.3044649 2.6202981 -0.17639472; 1.3044649 1.1004663 2.1278331 -0.14926328; 2.6202981 2.1278331 4.2774587 -0.28934237; -0.17639472 -0.14926328 -0.28934237 0.020305313], 7685 => [0.39982125 -0.22384033 1.4249483 -0.02993445; -0.22384033 0.13838418 -0.85553086 0.018310783; 1.4249483 -0.85553086 5.461795 -0.11881786; -0.02993445 0.018310783 -0.11881786 0.002642723], 18374 => [2.60369 3.0511951 1.1374711 -0.34563532; 3.0511951 3.8610008 1.3697664 -0.44957176; 1.1374711 1.3697664 0.5353094 -0.15721795; -0.34563532 -0.44957176 -0.15721795 0.052837797]…))"
      ]
     },
     "metadata": {},
     "output_type": "display_data"
    }
   ],
   "source": [
    "bunidata = deserialize(\"bunidata.dat\")\n",
    "buni = initialContractedSimplicialComplex2D(bunidata)"
   ]
  },
  {
   "cell_type": "code",
   "execution_count": 69,
   "metadata": {},
   "outputs": [
    {
     "data": {
      "text/plain": [
       "Set{Vector{Tuple{Int64, Int64}}}()"
      ]
     },
     "metadata": {},
     "output_type": "display_data"
    }
   ],
   "source": [
    "fillholes!(buni.contracted)\n",
    "getholes(buni.contracted)"
   ]
  },
  {
   "cell_type": "code",
   "execution_count": 70,
   "metadata": {},
   "outputs": [
    {
     "data": {
      "text/plain": [
       "Set{Vector{Tuple{Int64, Int64}}}()"
      ]
     },
     "metadata": {},
     "output_type": "display_data"
    }
   ],
   "source": [
    "getholes(buni.contracted)"
   ]
  },
  {
   "cell_type": "code",
   "execution_count": 97,
   "metadata": {},
   "outputs": [
    {
     "data": {
      "text/plain": [
       "Set{Vector{Tuple{Int64, Int64}}} with 5 elements:\n",
       "  [(31923, 32324), (32324, 32600), (16987, 32600), (252, 16987), (251, 252), (2…\n",
       "  [(34641, 34677), (34677, 34712), (34712, 34747), (34747, 34782), (34782, 3481…\n",
       "  [(15450, 32692), (31957, 32692), (31932, 31957), (17194, 31932), (17194, 1728…\n",
       "  [(20907, 21550), (21550, 32827), (28144, 32827), (22960, 28144), (17196, 2296…\n",
       "  [(4268, 19808), (16419, 19808), (16363, 16419), (16141, 16363), (16140, 16141…"
      ]
     },
     "metadata": {},
     "output_type": "display_data"
    }
   ],
   "source": [
    "getholes(buni.original)"
   ]
  },
  {
   "cell_type": "code",
   "execution_count": 71,
   "metadata": {},
   "outputs": [
    {
     "data": {
      "text/plain": [
       "GLMakie.Screen(...)"
      ]
     },
     "metadata": {},
     "output_type": "display_data"
    }
   ],
   "source": [
    "visualize(buni)"
   ]
  },
  {
   "cell_type": "code",
   "execution_count": 76,
   "metadata": {},
   "outputs": [
    {
     "data": {
      "text/plain": [
       "GLMakie.Screen(...)"
      ]
     },
     "metadata": {},
     "output_type": "display_data"
    }
   ],
   "source": [
    "marked_vertices = Set{Int}()\n",
    "for edge in getborder(buni.original)\n",
    "    push!(marked_vertices, edge[1])\n",
    "    push!(marked_vertices, edge[2])\n",
    "end\n",
    "marks::Vector{GeometryBasics.Point{3,Float32}} = [GeometryBasics.Point{3,Float32}(buni.original.coords[x]) for x in marked_vertices]\n",
    "visualize(buni, marks)"
   ]
  },
  {
   "cell_type": "code",
   "execution_count": 7,
   "metadata": {},
   "outputs": [
    {
     "name": "stderr",
     "output_type": "stream",
     "text": [
      "0.0%┣                                   ┫ 0/208.4k [00:14<-813:-51:-37, -14s/it]\n",
      "0.0%┣                                       ┫ 1/208.4k [00:25<Inf:Inf, InfGs/it]\n",
      "0.0%┣                                       ┫ 11/208.4k [00:25<145:35:05, 3s/it]\n",
      "1.8%┣▊                                      ┫ 3.7k/208.4k [00:25<22:59, 148it/s]\n",
      "3.5%┣█▍                                     ┫ 7.3k/208.4k [00:25<11:37, 289it/s]\n",
      "5.2%┣██                                    ┫ 10.9k/208.4k [00:25<07:38, 432it/s]\n",
      "7.1%┣██▊                                   ┫ 14.7k/208.4k [00:25<05:34, 580it/s]\n",
      "8.8%┣███▍                                  ┫ 18.4k/208.4k [00:25<04:23, 723it/s]\n",
      "10.5%┣███▉                                 ┫ 21.8k/208.4k [00:25<03:38, 855it/s]\n",
      "12.5%┣████▌                               ┫ 26.0k/208.4k [00:26<02:59, 1.0kit/s]\n",
      "14.3%┣█████▏                              ┫ 29.8k/208.4k [00:26<02:33, 1.2kit/s]\n",
      "16.0%┣█████▊                              ┫ 33.4k/208.4k [00:26<02:14, 1.3kit/s]\n",
      "17.8%┣██████▍                             ┫ 37.1k/208.4k [00:26<01:59, 1.4kit/s]\n",
      "19.6%┣███████                             ┫ 40.9k/208.4k [00:26<01:45, 1.6kit/s]\n",
      "21.0%┣███████▌                            ┫ 43.7k/208.4k [00:26<01:37, 1.7kit/s]\n",
      "22.8%┣████████▏                           ┫ 47.6k/208.4k [00:26<01:27, 1.8kit/s]\n",
      "24.8%┣█████████                           ┫ 51.7k/208.4k [00:26<01:18, 2.0kit/s]\n",
      "26.9%┣█████████▊                          ┫ 56.1k/208.4k [00:26<01:10, 2.2kit/s]\n",
      "28.9%┣██████████▍                         ┫ 60.3k/208.4k [00:26<01:04, 2.3kit/s]\n",
      "30.9%┣███████████▏                        ┫ 64.4k/208.4k [00:26<00:58, 2.5kit/s]\n",
      "32.8%┣███████████▉                        ┫ 68.3k/208.4k [00:26<00:54, 2.6kit/s]\n",
      "34.9%┣████████████▌                       ┫ 72.6k/208.4k [00:26<00:49, 2.8kit/s]\n",
      "36.6%┣█████████████▏                      ┫ 76.2k/208.4k [00:26<00:45, 2.9kit/s]\n",
      "38.2%┣█████████████▊                      ┫ 79.6k/208.4k [00:26<00:42, 3.0kit/s]\n",
      "40.1%┣██████████████▍                     ┫ 83.6k/208.4k [00:26<00:39, 3.2kit/s]\n",
      "42.0%┣███████████████▏                    ┫ 87.5k/208.4k [00:26<00:36, 3.3kit/s]\n",
      "43.1%┣███████████████▌                    ┫ 89.8k/208.4k [00:27<00:35, 3.4kit/s]\n",
      "45.4%┣████████████████▎                   ┫ 94.5k/208.4k [00:27<00:32, 3.5kit/s]\n",
      "47.8%┣█████████████████▏                  ┫ 99.7k/208.4k [00:27<00:29, 3.7kit/s]\n",
      "50.2%┣█████████████████▌                 ┫ 104.5k/208.4k [00:27<00:27, 3.9kit/s]\n",
      "52.9%┣██████████████████▌                ┫ 110.3k/208.4k [00:27<00:24, 4.1kit/s]\n",
      "55.4%┣███████████████████▍               ┫ 115.4k/208.4k [00:27<00:22, 4.3kit/s]\n",
      "58.0%┣████████████████████▎              ┫ 120.8k/208.4k [00:27<00:20, 4.5kit/s]\n",
      "60.5%┣█████████████████████▏             ┫ 126.0k/208.4k [00:27<00:18, 4.7kit/s]\n",
      "63.5%┣██████████████████████▎            ┫ 132.3k/208.4k [00:27<00:16, 4.9kit/s]\n",
      "65.8%┣███████████████████████            ┫ 137.1k/208.4k [00:27<00:14, 5.1kit/s]\n",
      "68.7%┣████████████████████████           ┫ 143.1k/208.4k [00:27<00:12, 5.3kit/s]\n",
      "71.3%┣█████████████████████████          ┫ 148.7k/208.4k [00:27<00:11, 5.5kit/s]\n",
      "74.4%┣██████████████████████████         ┫ 155.1k/208.4k [00:27<00:09, 5.7kit/s]\n",
      "77.1%┣███████████████████████████        ┫ 160.6k/208.4k [00:27<00:08, 5.9kit/s]\n",
      "79.3%┣███████████████████████████▊       ┫ 165.2k/208.4k [00:27<00:07, 6.0kit/s]\n",
      "81.6%┣████████████████████████████▋      ┫ 170.1k/208.4k [00:27<00:06, 6.2kit/s]\n",
      "83.9%┣█████████████████████████████▍     ┫ 174.8k/208.4k [00:28<00:05, 6.3kit/s]\n",
      "86.6%┣██████████████████████████████▎    ┫ 180.4k/208.4k [00:28<00:04, 6.5kit/s]\n",
      "88.9%┣███████████████████████████████    ┫ 185.1k/208.4k [00:28<00:03, 6.7kit/s]\n",
      "91.0%┣███████████████████████████████▉   ┫ 189.6k/208.4k [00:28<00:03, 6.8kit/s]\n",
      "92.8%┣████████████████████████████████▌  ┫ 193.3k/208.4k [00:28<00:02, 7.0kit/s]\n",
      "94.3%┣█████████████████████████████████  ┫ 196.5k/208.4k [00:28<00:02, 7.1kit/s]\n",
      "95.6%┣█████████████████████████████████▌ ┫ 199.2k/208.4k [00:28<00:01, 7.2kit/s]\n",
      "97.4%┣██████████████████████████████████ ┫ 202.9k/208.4k [00:28<00:01, 7.3kit/s]\n",
      "99.3%┣██████████████████████████████████▊┫ 207.0k/208.4k [00:28<00:00, 7.4kit/s]\n",
      "100.0%┣██████████████████████████████████┫ 208.4k/208.4k [00:28<00:00, 7.5kit/s]\n",
      "100.0%┣██████████████████████████████████┫ 208.4k/208.4k [00:28<00:00, 7.5kit/s]\n"
     ]
    }
   ],
   "source": [
    "pq = PriorityQueue()\n",
    "for (edge, triangle) in ProgressBar(buni.contracted._edge_to_triangles)\n",
    "    pq[edge] = error(buni, edge)\n",
    "end"
   ]
  },
  {
   "cell_type": "code",
   "execution_count": 8,
   "metadata": {},
   "outputs": [
    {
     "name": "stderr",
     "output_type": "stream",
     "text": [
      "0.0%┣                                                ┫ 0/3 [00:00<00:00, -0s/it]\n"
     ]
    },
    {
     "ename": "BoundsError",
     "evalue": "BoundsError: attempt to access Set{Int64} with 1 element at index [2]",
     "output_type": "error",
     "traceback": [
      "BoundsError: attempt to access Set{Int64} with 1 element at index [2]\n",
      "\n",
      "Stacktrace:\n",
      " [1] indexed_iterate\n",
      "   @ ./tuple.jl:168 [inlined]\n",
      " [2] contract!(K::ContractedSimplicialComplex2D, edge::Tuple{Int64, Int64})\n",
      "   @ Main ~/Documents/faks/topoloska-analiza-podatkov/project/contractions.jl:253\n",
      " [3] top-level scope\n",
      "   @ ~/Documents/faks/topoloska-analiza-podatkov/project/jl_notebook_cell_df34fa98e69747e1a8f8a730347b8e2f_X20sZmlsZQ==.jl:7"
     ]
    }
   ],
   "source": [
    "for i in ProgressBar(1:3)\n",
    "    first = dequeue!(pq)\n",
    "    while !issafe(buni.contracted, first)\n",
    "        first = dequeue!(pq)\n",
    "    end\n",
    "\n",
    "    new_vertex = contract!(buni, first)\n",
    "    for edge in buni.contracted._vertex_to_edges[new_vertex]\n",
    "        pq[edge] = error(buni, edge)\n",
    "        for triangle in buni.contracted._edge_to_triangles[edge]\n",
    "            pq[triangle] = error(buni, triangle)\n",
    "        end\n",
    "    end\n",
    "end"
   ]
  }
 ],
 "metadata": {
  "kernelspec": {
   "display_name": "Julia 1.11.2",
   "language": "julia",
   "name": "julia-1.11"
  },
  "language_info": {
   "file_extension": ".jl",
   "mimetype": "application/julia",
   "name": "julia",
   "version": "1.11.2"
  }
 },
 "nbformat": 4,
 "nbformat_minor": 2
}
